Prct;Jan;Feb;Mar;Apr;May;Jun;Jul;Aug;Sep;Oct;Nov;Dec
1,000;0,100;0,100;0,100;0,100;0,100;0,100;0,100;0,100;0,100;0,100;0,100;0,100
2,000;0,100;0,100;0,100;0,100;0,100;0,100;0,100;0,100;0,100;0,100;0,104;0,100
3,000;0,100;0,100;0,100;0,100;0,100;0,100;0,100;0,100;0,100;0,100;0,200;0,100
4,000;0,200;0,100;0,200;0,100;0,100;0,100;0,100;0,100;0,100;0,200;0,200;0,200
5,000;0,200;0,200;0,200;0,200;0,100;0,100;0,100;0,100;0,100;0,200;0,200;0,200
6,000;0,200;0,200;0,200;0,200;0,100;0,100;0,100;0,100;0,200;0,200;0,200;0,200
7,000;0,200;0,200;0,300;0,200;0,100;0,100;0,100;0,100;0,200;0,200;0,264;0,231
8,000;0,300;0,288;0,300;0,200;0,200;0,100;0,100;0,200;0,200;0,208;0,300;0,300
9,000;0,300;0,300;0,400;0,300;0,200;0,163;0,100;0,200;0,200;0,300;0,300;0,300
10,000;0,350;0,400;0,400;0,300;0,200;0,200;0,100;0,200;0,200;0,300;0,300;0,300
11,000;0,500;0,400;0,499;0,300;0,200;0,200;0,200;0,200;0,200;0,300;0,400;0,363
12,000;0,500;0,500;0,500;0,400;0,300;0,200;0,200;0,200;0,200;0,300;0,500;0,400
13,000;0,500;0,500;0,600;0,400;0,300;0,200;0,200;0,200;0,300;0,400;0,500;0,500
14,000;0,600;0,600;0,626;0,400;0,300;0,200;0,200;0,200;0,300;0,464;0,600;0,500
15,000;0,700;0,600;0,700;0,400;0,300;0,200;0,200;0,200;0,300;0,500;0,700;0,500
16,000;0,700;0,700;0,700;0,500;0,328;0,212;0,200;0,200;0,300;0,516;0,732;0,700
17,000;0,800;0,700;0,800;0,500;0,400;0,300;0,200;0,300;0,400;0,600;0,800;0,800
18,000;0,800;0,800;0,800;0,500;0,400;0,300;0,200;0,300;0,500;0,668;0,900;0,800
19,000;0,900;0,800;0,900;0,600;0,400;0,300;0,200;0,300;0,500;0,700;0,900;0,900
20,000;0,900;0,900;0,900;0,680;0,400;0,300;0,300;0,300;0,600;0,800;1,000;1,000
21,000;1,000;0,931;1,000;0,700;0,400;0,300;0,300;0,300;0,600;0,800;1,000;1,000
22,000;2,000;1,000;1,000;0,748;0,500;0,300;0,300;0,300;0,632;0,900;1,344;1,556
23,000;2,000;1,159;1,021;0,800;0,500;0,400;0,300;0,300;0,700;0,900;2,000;2,000
24,000;2,000;2,000;1,664;0,900;0,500;0,400;0,300;0,400;0,744;1,000;2,000;2,000
25,000;2,000;2,000;2,000;0,900;0,600;0,400;0,300;0,400;0,800;1,000;2,000;2,000
26,000;2,000;2,000;2,000;1,000;0,600;0,400;0,380;0,400;0,900;1,000;2,000;2,000
27,000;3,000;2,000;2,000;1,000;0,600;0,400;0,400;0,500;0,912;1,006;2,000;2,000
28,000;3,000;2,000;2,000;1,000;0,700;0,400;0,400;0,500;1,000;1,856;2,000;2,168
29,000;3,000;3,000;2,000;1,000;0,700;0,403;0,400;0,536;1,000;2,000;2,724;3,000
30,000;3,000;3,000;2,700;1,440;0,800;0,500;0,400;0,600;1,000;2,000;3,000;3,000
31,000;3,000;3,000;3,000;2,000;0,800;0,500;0,480;0,700;1,000;2,000;3,000;3,000
32,000;3,000;3,000;3,000;2,000;0,800;0,500;0,500;0,700;1,768;2,000;3,000;3,000
33,000;3,000;3,000;3,000;2,000;0,900;0,600;0,540;0,772;2,000;2,000;3,000;3,000
34,000;4,000;3,000;3,000;2,000;0,900;0,600;0,600;0,900;2,000;2,000;3,000;4,000
35,000;4,000;3,985;3,915;2,000;1,000;0,600;0,600;1,000;2,000;2,280;3,000;4,000
36,000;4,000;4,000;4,000;2,000;1,000;0,700;0,680;1,000;2,000;3,000;4,000;4,000
37,000;4,000;4,000;4,000;2,000;1,000;0,700;0,700;1,000;2,000;3,000;4,000;4,000
38,000;4,000;4,000;4,000;3,000;1,616;0,766;0,740;1,000;2,200;3,000;4,000;5,000
39,000;4,000;4,000;4,000;3,000;2,000;0,800;0,800;1,000;2,888;3,000;4,000;5,000
40,000;5,000;4,000;4,000;3,000;2,000;0,800;0,800;1,000;3,000;3,000;5,000;5,000
41,000;5,000;4,510;4,000;3,440;2,000;0,800;0,880;1,000;3,000;4,000;5,000;6,000
42,000;5,000;5,000;5,000;4,000;2,000;0,894;1,000;1,568;3,000;4,000;5,000;6,000
43,000;5,450;5,000;5,000;4,000;2,000;0,901;1,000;2,000;3,000;4,000;5,000;6,000
44,000;6,000;6,000;6,000;4,000;2,000;1,000;1,000;2,000;3,000;4,000;6,000;6,260
45,000;6,000;6,000;6,000;4,000;2,000;1,000;1,400;2,000;3,400;4,000;6,000;7,000
46,000;6,000;6,000;6,000;4,000;2,340;1,000;2,000;2,000;4,000;5,000;6,000;7,000
47,000;6,000;6,000;6,000;5,000;3,000;1,290;2,000;2,000;4,000;5,000;6,000;7,000
48,000;7,000;6,000;6,000;5,864;3,000;2,000;2,000;2,000;4,000;5,000;6,980;7,000
49,000;7,000;7,000;7,000;6,000;3,420;2,000;2,000;2,000;4,000;5,000;7,000;8,000
50,000;7,000;7,000;7,000;6,000;4,000;2,000;2,000;2,000;4,000;6,000;7,000;8,000
51,000;8,000;7,610;8,000;6,000;4,000;2,000;2,000;2,000;4,280;6,000;7,616;8,000
52,000;8,000;8,000;8,136;6,680;4,000;2,000;2,000;2,268;5,000;6,000;8,000;9,000
53,000;8,000;8,000;9,000;7,000;4,000;2,000;2,000;3,000;5,000;6,390;8,000;9,000
54,000;8,000;8,000;9,000;8,000;4,096;2,000;2,000;3,000;5,000;7,000;9,000;10,000
55,000;9,000;9,000;9,950;8,360;5,000;2,000;2,000;3,000;5,000;7,000;9,600;10,000
56,000;9,000;9,000;10,000;9,000;5,000;2,000;2,280;3,400;5,000;7,448;10,000;10,000
57,000;10,000;9,270;10,913;9,880;5,000;2,000;2,800;3,928;5,092;8,000;10,000;10,000
58,000;10,000;10,000;11,066;10,000;5,928;2,030;3,000;4,000;6,000;8,080;10,000;11,000
59,000;10,000;10,000;12,000;10,956;6,000;3,000;3,000;4,000;6,000;9,000;10,408;11,000
60,000;10,000;11,000;12,440;11,580;6,000;3,000;3,400;4,000;6,600;9,000;11,000;11,820
61,000;11,000;11,710;13,000;12,000;6,000;3,270;3,880;4,000;7,000;9,972;11,072;12,130
62,000;11,000;12,000;13,000;12,540;7,000;4,000;4,000;4,000;7,944;10,000;12,240;13,000
63,000;11,450;12,958;14,000;13,000;7,540;4,000;4,000;4,460;8,000;10,000;13,000;14,000
64,000;12,000;13,000;15,380;13,880;8,000;4,000;4,000;5,000;8,840;11,000;14,000;15,000
65,000;13,000;14,150;16,000;14,600;8,620;4,000;4,000;5,000;9,000;11,000;15,000;15,000
66,000;13,940;15,260;16,000;15,220;9,000;4,000;4,240;5,000;9,000;12,000;15,000;16,000
67,000;15,000;16,000;16,224;16,000;10,000;4,783;4,800;5,028;9,000;13,000;15,504;16,000
68,000;16,000;17,000;17,000;16,000;10,000;5,000;5,000;6,120;10,000;13,000;16,000;16,888
69,000;16,000;17,000;18,000;16,192;11,006;5,000;5,000;7,000;10,000;14,000;16,000;17,000
70,000;17,000;18,700;18,150;17,000;12,000;5,000;5,000;7,640;10,680;14,200;17,000;18,100
71,000;18,000;19,000;19,000;17,640;12,000;5,994;5,080;8,000;11,000;15,000;18,000;19,430
72,000;19,000;20,000;19,948;18,000;12,380;6,000;6,000;9,000;11,320;15,888;19,000;20,000
73,000;20,000;20,030;20,000;19,000;13,000;6,110;6,400;9,000;12,000;16,000;20,000;21,000
74,000;21,100;22,000;21,000;19,160;13,000;7,180;7,000;9,000;13,000;17,000;21,000;22,000
75,000;22,000;23,000;22,000;20,000;14,000;8,000;8,000;9,000;14,000;18,000;22,000;22,750
76,000;23,000;23,360;22,752;20,840;15,040;8,000;8,000;9,672;14,560;18,760;22,000;24,000
77,000;24,000;24,940;23,000;21,680;16,000;8,878;8,480;10,000;15,000;20,000;24,000;24,000
78,000;24,000;26,000;26,000;22,656;16,000;9,000;9,000;11,000;15,680;21,000;24,956;25,000
79,000;25,850;27,000;26,110;23,000;16,164;10,000;9,000;11,000;16,240;22,000;26,000;27,000
80,000;27,000;28,000;28,000;24,400;17,400;10,000;9,000;12,000;18,000;24,520;27,600;28,000
81,000;28,000;30,000;28,000;26,040;18,000;12,000;10,000;12,040;19,360;25,060;28,000;28,919
82,000;31,000;31,000;30,000;28,000;19,560;12,000;11,000;13,880;20,920;27,000;28,892;31,000
83,000;32,450;32,000;30,470;29,720;21,000;12,810;12,000;14,000;22,480;28,000;30,000;33,000
84,000;33,600;34,000;31,000;30,000;22,000;13,000;12,000;14,560;24,904;28,588;31,680;33,720
85,000;34,000;34,700;33,650;31,000;22,860;14,000;13,000;16,000;26,000;29,000;33,000;35,000
86,000;35,900;36,000;35,074;33,480;23,000;15,020;13,000;16,480;27,160;30,000;35,000;37,690
87,000;38,000;38,000;36,000;36,000;26,460;16,090;14,000;19,000;28,720;31,000;36,000;39,420
88,000;39,200;39,680;36,920;36,920;28,000;18,160;15,400;19,920;30,000;33,000;37,880;42,040
89,000;42,000;42,000;39,000;40,520;29,620;19,230;16,000;22,280;31,000;35,140;41,280;44,370
90,000;44,000;44,000;44,000;43,600;31,800;22,300;19,000;24,600;33,400;36,400;45,000;46,700
91,000;46,000;44,010;45,000;45,000;35,802;23,370;21,400;26,000;35,960;39,320;46,320;52,000
92,000;49,400;47,720;47,000;47,560;39,720;26,000;23,600;27,560;36,520;41,920;50,000;54,000
93,000;52,000;55,460;53,740;55,060;41,000;27,510;26,000;31,000;40,080;45,180;52,720;56,000
94,000;56,200;62,360;58,840;60,840;44,040;31,102;27,200;31,864;42,064;46,440;55,760;64,040
95,000;64,750;67,900;66,550;65,800;47,200;41,000;31,900;33,800;45,200;53,400;58,800;69,700
96,000;70,200;72,000;74,560;73,280;54,252;41,000;39,600;37,640;46,000;54,000;65,840;72,000
97,000;76,550;77,000;79,190;78,440;72,520;42,790;41,000;41,528;50,600;62,100;73,640;78,080
98,000;85,000;82,000;82,000;82,000;79,360;50,956;42,460;43,960;55,760;73,880;85,680;86,680
99,000;105,595;99,570;104,550;100,480;107,620;73,090;53,080;49,800;59,880;86,000;92,700;104,149
